203.090,1,185
203.682,1,208
204.274,1,184
204.866,1,204
205.458,1,199
206.050,1,204
206.641,1,192
207.233,1,194
207.825,1,197
208.416,1,207
209.008,1,198
209.600,1,196
210.191,1,192
210.783,1,195
211.374,1,195
211.966,1,189
212.557,1,209
213.149,1,204
213.740,1,218
214.331,1,207
214.922,1,204
215.514,1,194
216.105,1,201
216.696,1,213
217.287,1,214
217.878,1,207
218.470,1,196
219.061,1,190
219.652,1,217
220.243,1,212
220.834,1,183
221.425,1,201
222.015,1,190
222.606,1,195
223.197,1,199
223.788,1,181
224.379,1,191
224.969,1,212
225.560,1,197
226.151,1,211
226.741,1,194
227.332,1,199
227.923,1,206
228.513,1,188
229.104,1,212
229.694,1,211
230.284,1,211
230.875,1,214
231.465,1,200
232.055,1,205
232.646,1,197
233.236,1,211
233.826,1,205
234.416,1,219
235.006,1,196
235.597,1,199
236.187,1,183
236.777,1,189
237.367,1,200
237.957,1,205
238.546,1,210
239.136,1,202
239.726,1,192
240.316,1,204
240.906,1,189
241.495,1,202
242.085,1,203
242.675,1,196
243.264,1,208
243.854,1,200
244.443,1,196
245.033,1,203
245.622,1,180
246.212,1,201
246.801,1,196
247.391,1,188
247.980,1,205
248.569,1,197
249.158,1,204
249.748,1,200
250.337,1,190
250.926,1,198
251.515,1,205
252.104,1,190
252.693,1,202
253.282,1,197
253.871,1,198
254.460,1,207
255.049,1,195
255.638,1,191
256.226,1,207
256.815,1,194
257.404,1,196
257.993,1,210
258.581,1,201
259.170,1,193
259.758,1,175
260.347,1,185
260.935,1,185
261.524,1,225
262.112,1,231
262.700,1,239
263.289,1,251
263.877,1,272
264.465,1,246
265.053,1,258
265.642,1,266
266.230,1,244
266.818,1,270
267.406,1,246
267.994,1,272
268.582,1,258
269.170,1,257
269.758,1,281
270.345,1,260
270.933,1,277
271.521,1,278
272.109,1,253
272.696,1,253
273.284,1,245
273.871,1,253
274.459,1,259
275.047,1,267
275.634,1,251
276.221,1,251
276.809,1,251
277.396,1,257
277.983,1,269
278.571,1,260
279.158,1,255
279.745,1,243
280.332,1,246
280.919,1,260
281.506,1,255
282.093,1,278
282.680,1,244
283.267,1,261
283.854,1,247
284.441,1,258
285.028,1,245
285.615,1,268
286.201,1,242
286.788,1,247
287.375,1,267
287.961,1,249
288.548,1,272
289.134,1,265
289.721,1,266
290.307,1,260
290.893,1,246
291.480,1,266
292.066,1,262
292.652,1,263
293.238,1,267
293.825,1,270
294.411,1,276
294.997,1,260
295.583,1,247
296.169,1,279
296.755,1,261
297.341,1,281
297.926,1,285
298.512,1,293
299.098,1,265
299.684,1,286
300.269,1,300
300.855,1,288
301.441,1,281
302.026,1,279
302.612,1,273
303.197,1,285
303.783,1,274
304.368,1,253
304.953,1,273
305.539,1,280
306.124,1,282
306.709,1,262
307.294,1,269
307.879,1,264
308.464,1,265
309.049,1,247
309.634,1,265
310.219,1,255
310.804,1,268
311.389,1,263
311.974,1,259
312.558,1,258
313.143,1,270
313.728,1,244
314.312,1,271
314.897,1,261
315.482,1,257
316.066,1,271
316.650,1,262
317.235,1,252
317.819,1,261
318.403,1,275
318.988,1,252
319.572,1,255
320.156,1,254
320.740,1,253
321.324,1,241
321.908,1,246
322.492,1,253
323.076,1,248
323.660,1,252
324.244,1,254
324.828,1,258
325.411,1,253
325.995,1,254
326.579,1,260
327.162,1,231
327.746,1,234
328.329,1,247
328.913,1,246
329.496,1,265
330.080,1,269
330.663,1,257
331.246,1,230
331.829,1,257
332.413,1,242
332.996,1,246
333.579,1,248
334.162,1,237
334.745,1,248
335.328,1,248
335.911,1,232
336.494,1,234
337.076,1,234
337.659,1,249
338.242,1,241
338.825,1,239
339.407,1,253
339.990,1,274
340.572,1,244
341.155,1,246
341.737,1,250
342.320,1,244
342.902,1,251
343.484,1,253
344.066,1,260
344.649,1,233
345.231,1,258
345.813,1,239
346.395,1,253
346.977,1,235
347.559,1,251
348.141,1,245
348.723,1,251
349.304,1,247
349.886,1,246
350.468,1,227
351.050,1,250
351.631,1,229
352.213,1,254
352.794,1,239
353.376,1,237
353.957,1,238
354.539,1,236
355.120,1,247
355.701,1,251
356.282,1,242
356.864,1,240
357.445,1,235
358.026,1,254
358.607,1,216
359.188,1,226
359.769,1,232
360.350,1,231
360.931,1,234
361.511,1,226
362.092,1,224
362.673,1,221
363.253,1,235
363.834,1,216
364.415,1,244
364.995,1,211
365.576,1,219
366.156,1,241
366.736,1,222
367.317,1,231
367.897,1,216
368.477,1,217
369.057,1,240
369.637,1,218
370.217,1,222
370.797,1,228
371.377,1,237
371.957,1,226
372.537,1,238
373.117,1,222
373.697,1,217
374.276,1,227
374.856,1,220
375.436,1,221
376.015,1,224
376.595,1,223
377.174,1,234
377.754,1,224
378.333,1,201
378.912,1,224
379.491,1,229
380.071,1,238
380.650,1,220
381.229,1,232
381.808,1,209
382.387,1,255
382.966,1,215
383.545,1,221
384.124,1,219
384.703,1,221
385.281,1,199
385.860,1,225
386.439,1,237
387.017,1,218
387.596,1,229
388.174,1,235
388.753,1,221
389.331,1,214
389.910,1,227
390.488,1,223
391.066,1,229
391.644,1,225
392.223,1,230
392.801,1,221
393.379,1,221
393.957,1,221
394.535,1,201
395.113,1,222
395.690,1,224
396.268,1,224
396.846,1,229
397.424,1,228
398.001,1,213
398.579,1,229
399.156,1,224
399.734,1,196
400.311,1,215
400.889,1,226
401.466,1,234
402.043,1,231
402.621,1,220
403.198,1,223
403.775,1,204
404.352,1,236
404.929,1,220
405.506,1,216
406.083,1,205
406.660,1,210
407.237,1,217
407.814,1,195
408.390,1,215
408.967,1,206
409.544,1,229
410.120,1,233
410.697,1,220
411.273,1,223
411.850,1,225
412.426,1,229
413.002,1,221
413.579,1,233
414.155,1,213
414.731,1,207
415.307,1,226
415.883,1,225
416.459,1,230
417.035,1,207
417.611,1,212
418.187,1,199
418.763,1,226
419.339,1,206
419.914,1,215
420.490,1,201
421.065,1,209
421.641,1,217
422.217,1,213
422.792,1,205
423.367,1,218
423.943,1,205
424.518,1,222
425.093,1,228
425.668,1,227
426.244,1,232
426.819,1,199
427.394,1,225
427.969,1,208
428.544,1,214
429.118,1,211
429.693,1,213
430.268,1,219
430.843,1,220
431.417,1,215
431.992,1,235
432.567,1,201
433.141,1,217
433.716,1,219
434.290,1,218
434.864,1,211
435.439,1,197
436.013,1,227
436.587,1,238
437.161,1,211
437.735,1,196
438.310,1,215
438.884,1,195
439.457,1,199
440.031,1,214
440.605,1,203
441.179,1,218
441.753,1,189
442.326,1,217
442.900,1,208
443.474,1,207
444.047,1,217
444.621,1,205
445.194,1,195
445.767,1,212
446.341,1,205
446.914,1,213
447.487,1,196
448.060,1,198
448.634,1,195
449.207,1,204
449.780,1,205
450.353,1,196
450.925,1,206
451.498,1,215
452.071,1,218
452.644,1,213
453.217,1,200
453.789,1,187
454.362,1,192
454.934,1,198
455.507,1,205
456.079,1,195
456.652,1,197
457.224,1,181
457.796,1,188
458.368,1,198
458.941,1,195
459.513,1,177
460.085,1,208
460.657,1,193
461.229,1,194
461.801,1,198
462.373,1,211
462.944,1,182
463.516,1,189
464.088,1,208
464.660,1,191
465.231,1,195
465.803,1,188
466.374,1,210
466.946,1,216
467.517,1,192
468.088,1,197
468.660,1,197
469.231,1,178
469.802,1,184
470.373,1,202
470.944,1,206
471.515,1,192
472.086,1,197
472.657,1,196
473.228,1,192
473.799,1,196
474.370,1,218
474.940,1,191
475.511,1,190
476.082,1,205
476.652,1,200
477.223,1,221
477.793,1,206
478.364,1,201
478.934,1,215
479.504,1,214
480.074,1,213
480.645,1,195
481.215,1,207
481.785,1,211
482.355,1,207
482.925,1,215
483.495,1,211
484.065,1,214
484.634,1,220
485.204,1,219
485.774,1,211
486.344,1,207
486.913,1,232
487.483,1,226
488.052,1,215
488.622,1,216
489.191,1,214
489.761,1,230
490.330,1,207
490.899,1,212
491.468,1,210
492.038,1,213
492.607,1,227
493.176,1,223
493.745,1,231
494.314,1,229
494.882,1,242
495.451,1,231
496.020,1,229
496.589,1,239
497.158,1,247
497.726,1,238
498.295,1,232
498.863,1,251
499.432,1,246
500.000,1,264
500.569,1,250
501.137,1,245
501.705,1,273
502.273,1,290
502.842,1,290
503.410,1,294
503.978,1,302
504.546,1,311
505.114,1,314
505.682,1,346
506.249,1,352
506.817,1,359
507.385,1,384
507.953,1,403
508.520,1,417
509.088,1,432
509.655,1,432
510.223,1,491
510.790,1,579
511.358,1,604
511.925,1,672
512.492,1,762
513.060,1,876
513.627,1,957
514.194,1,1197
514.761,1,1428
515.328,1,1695
515.895,1,2138
516.462,1,2771
517.029,1,3832
517.596,1,5268
518.162,1,7341
518.729,1,9362
519.296,1,10870
519.862,1,11207
520.429,1,10539
520.996,1,9457
521.562,1,7807
522.128,1,5850
522.695,1,4325
523.261,1,3180
523.827,1,2434
524.394,1,1867
524.960,1,1561
525.526,1,1259
526.092,1,1114
526.658,1,934
527.224,1,810
527.790,1,789
528.356,1,741
528.921,1,706
529.487,1,693
530.053,1,665
530.619,1,634
531.184,1,637
531.750,1,628
532.315,1,623
532.881,1,574
533.446,1,501
534.011,1,449
534.577,1,422
535.142,1,382
535.707,1,357
536.272,1,344
536.837,1,349
537.402,1,337
537.967,1,296
538.532,1,290
539.097,1,282
539.662,1,271
540.227,1,286
540.792,1,287
541.356,1,261
541.921,1,264
542.485,1,271
543.050,1,241
543.614,1,255
544.179,1,247
544.743,1,237
545.308,1,228
545.872,1,215
546.436,1,213
547.000,1,229
547.564,1,230
548.129,1,218
548.693,1,208
549.257,1,219
549.820,1,195
550.384,1,197
550.948,1,216
551.512,1,200
552.076,1,208
552.639,1,185
553.203,1,210
553.767,1,174
554.330,1,199
554.894,1,186
555.457,1,171
556.020,1,197
556.584,1,188
557.147,1,175
557.710,1,199
558.273,1,190
558.837,1,192
559.400,1,190
559.963,1,196
560.526,1,189
561.089,1,182
561.652,1,193
562.214,1,186
562.777,1,197
563.340,1,169
563.903,1,186
564.465,1,167
565.028,1,168
565.590,1,173
566.153,1,165
566.715,1,176
567.278,1,163
567.840,1,180
568.402,1,176
568.965,1,183
569.527,1,162
570.089,1,161
570.651,1,171
571.213,1,161
571.775,1,176
572.337,1,173
572.899,1,166
573.461,1,176
574.023,1,153
574.584,1,162
575.146,1,156
575.708,1,163
576.269,1,165
576.831,1,165
577.392,1,158
577.954,1,176
578.515,1,147
579.077,1,165
579.638,1,166
580.199,1,166
580.761,1,163
581.322,1,156
581.883,1,156
582.444,1,152
583.005,1,150
583.566,1,153
584.127,1,154
584.688,1,162
585.249,1,153
585.809,1,159
586.370,1,149
586.931,1,159
587.492,1,154
588.052,1,165
588.613,1,164
589.173,1,150
589.734,1,168
590.294,1,161
590.854,1,160
591.415,1,164
591.975,1,155
592.535,1,150
593.095,1,154
593.656,1,150
594.216,1,146
594.776,1,153
595.336,1,158
595.896,1,160
596.456,1,166
597.015,1,161
597.575,1,158
598.135,1,160
598.695,1,159
599.254,1,157
599.814,1,169
600.374,1,166
600.933,1,162
601.493,1,161
602.052,1,160
602.611,1,179
603.171,1,153
603.730,1,158
604.289,1,181
604.848,1,167
605.408,1,150
605.967,1,171
606.526,1,162
607.085,1,164
607.644,1,161
608.203,1,170
608.761,1,165
609.320,1,177
609.879,1,170
610.438,1,170
610.996,1,176
611.555,1,183
612.114,1,168
612.672,1,163
613.231,1,166
613.789,1,150
614.348,1,185
614.906,1,173
615.464,1,163
616.023,1,171
616.581,1,160
617.139,1,173
617.697,1,181
618.255,1,160
618.813,1,163
619.371,1,177
619.929,1,173
620.487,1,176
621.045,1,176
621.603,1,170
622.161,1,178
622.718,1,163
623.276,1,155
623.834,1,169
624.391,1,153
624.949,1,159
625.507,1,153
626.064,1,160
626.621,1,152
627.179,1,165
627.736,1,166
628.293,1,157
628.851,1,161
629.408,1,157
629.965,1,149
630.522,1,139
631.079,1,151
631.636,1,160
632.193,1,168
632.750,1,162
633.307,1,155
633.864,1,160
634.421,1,149
634.978,1,152
635.534,1,159
636.091,1,149
636.648,1,152
637.204,1,153
637.761,1,148
638.317,1,156
638.874,1,155
639.430,1,164
639.987,1,174
640.543,1,160
641.099,1,153
641.655,1,148
642.212,1,154
642.768,1,145
643.324,1,156
643.880,1,148
644.436,1,155
644.992,1,156
645.548,1,156
646.104,1,151
646.660,1,148
647.216,1,152
647.771,1,147
648.327,1,167
648.883,1,160
649.439,1,153
649.994,1,156
650.550,1,139
651.105,1,139
651.661,1,145
652.216,1,135
652.772,1,154
653.327,1,164
653.882,1,148
654.438,1,157
654.993,1,156
655.548,1,161
656.103,1,143
656.658,1,155
657.213,1,158
657.768,1,152
658.323,1,150
658.878,1,154
659.433,1,162
659.988,1,158
660.543,1,145
661.098,1,167
661.653,1,157
662.207,1,144
662.762,1,140
663.317,1,137
663.871,1,167
664.426,1,162
664.980,1,133
665.535,1,164
666.089,1,156
666.644,1,145
667.198,1,163
667.752,1,166
668.306,1,143
668.861,1,158
669.415,1,157
669.969,1,136
670.523,1,144
671.077,1,152
671.631,1,146
672.185,1,150
672.739,1,154
673.293,1,148
673.847,1,146
674.401,1,168
674.955,1,153
675.508,1,152
676.062,1,137
676.616,1,142
677.169,1,152
677.723,1,152
678.277,1,153
678.830,1,159
679.384,1,143
679.937,1,151
680.491,1,148
681.044,1,138
681.597,1,149
682.151,1,139
682.704,1,143
683.257,1,133
683.810,1,143
684.363,1,139
684.917,1,146
685.470,1,146
686.023,1,143
686.576,1,149
687.129,1,149
687.682,1,140
688.234,1,141
688.787,1,145
689.340,1,137
689.893,1,149
690.446,1,138
690.998,1,138
691.551,1,149
692.104,1,138
692.656,1,148
693.209,1,148
693.761,1,138
694.314,1,138
694.866,1,126
695.419,1,142
695.971,1,141
696.523,1,135
697.076,1,135
697.628,1,152
698.180,1,145
698.732,1,127
699.284,1,138
699.837,1,137
700.389,1,135
700.941,1,137
701.493,1,154
702.045,1,137
702.597,1,129
703.149,1,142
703.701,1,126
704.252,1,121
704.804,1,144
705.356,1,135
705.908,1,135
706.459,1,130
707.011,1,142
707.563,1,131
708.114,1,123
708.666,1,137
709.217,1,130
709.769,1,127
710.320,1,125
710.872,1,119
711.423,1,131
711.975,1,139
712.526,1,148
713.077,1,131
713.628,1,132
714.180,1,131
714.731,1,129
715.282,1,128
715.833,1,132
716.384,1,148
716.935,1,142
717.486,1,139
718.037,1,128
718.588,1,134
719.139,1,135
719.690,1,134
720.241,1,122
720.792,1,141
721.343,1,125
721.893,1,129
722.444,1,139
722.995,1,138
723.546,1,131
724.096,1,124
724.647,1,129
725.197,1,127
725.748,1,126
726.298,1,133
726.849,1,133
727.399,1,136
727.950,1,134
728.500,1,125
729.051,1,116
729.601,1,116
730.151,1,105
730.701,1,100
731.252,1,111
731.802,1, 96
732.352,1,115
732.902,1,109
733.452,1,109
734.002,1,109
734.552,1,108
735.103,1, 97
735.653,1,106
736.202,1, 94
736.752,1,107
737.302,1,108
737.852,1, 98
738.402,1,111
738.952,1,102
739.502,1, 95
740.051,1,106
740.601,1, 99
741.151,1,110
741.700,1,104
742.250,1,107
742.800,1, 94
743.349,1,116
743.899,1,116
744.448,1,112
744.998,1,108
745.547,1,119
746.097,1,114
746.646,1,111
747.196,1,102
747.745,1,103
748.294,1,106
748.844,1,105
749.393,1,114
749.942,1,111
750.491,1,117
751.041,1,103
751.590,1,113
752.139,1,113
752.688,1,115
753.237,1,110
753.786,1,131
754.335,1,116
754.884,1,121
755.433,1,120
755.982,1,123
756.531,1,129
757.080,1,125
757.629,1,119
758.178,1,145
758.726,1,125
759.275,1,127
759.824,1,136
760.373,1,134
760.921,1,139
761.470,1,145
762.019,1,136
762.567,1,117
763.116,1,126
763.664,1,138
764.213,1,137
764.762,1,130
765.310,1,139
765.859,1,131
766.407,1,138
766.955,1,142
767.504,1,125
768.052,1,136
768.601,1,143
769.149,1,132
769.697,1,140
770.246,1,144
770.794,1,136
771.342,1,128
771.890,1,139
772.438,1,138
772.987,1,130
773.535,1,139
774.083,1,139
774.631,1,133
775.179,1,139
775.727,1,124
776.275,1,145
776.823,1,144
777.371,1,140
777.919,1,135
778.467,1,131
779.015,1,126
779.563,1,141
780.111,1,134
780.659,1,133
781.206,1,141
781.754,1,135
782.302,1,131
782.850,1,133
783.398,1,135
783.945,1,139
784.493,1,139
785.041,1,140
