6.664701378468393944e-01
6.682232210009658724e-01
6.699723516628245390e-01
6.717175231196121921e-01
6.734587286684394769e-01
6.751959616164013855e-01
6.769292152806269947e-01
6.786584829883506309e-01
6.803837580769596105e-01
6.821050338940589652e-01
6.838223037975367236e-01
6.855355611556160911e-01
6.872447993469144034e-01
6.889500117605094065e-01
6.906511917959977653e-01
6.923483328635465783e-01
6.940414283839657639e-01
6.957304717887541345e-01
6.974154565201708955e-01
6.990963760312879360e-01
7.007732237860501145e-01
7.024459932593386524e-01
7.041146779370286435e-01
7.057792713160431219e-01
7.074397669044201198e-01
7.090961582213732850e-01
7.107484387973371787e-01
7.123966021740443244e-01
7.140406419045773889e-01
7.156805515534192530e-01
7.173163246965301720e-01
7.189479549213895204e-01
7.205754358270691773e-01
7.221987610242809330e-01
7.238179241354431026e-01
7.254329187947378133e-01
7.270437386481694020e-01
7.286503773536187056e-01
7.302528285809126718e-01
7.318510860118745409e-01
7.334451433403809117e-01
7.350349942724323515e-01
7.366206325261992482e-01
7.382020518320840941e-01
7.397792459327868775e-01
7.413522085833522679e-01
7.429209335512383383e-01
7.444854146163706332e-01
7.460456455711965695e-01
7.476016202207497185e-01
7.491533323827104240e-01
7.507007758874513215e-01
7.522439445781108347e-01
7.537828323106416928e-01
7.553174329538711040e-01
7.568477403895609301e-01
7.583737485124595334e-01
7.598954512303683906e-01
7.614128424641948278e-01
7.629259161480074214e-01
7.644346662290991690e-01
7.659390866680434451e-01
7.674391714387437391e-01
7.689349145285064857e-01
7.704263099380845858e-01
7.719133516817409113e-01
7.733960337873060364e-01
7.748743502962293084e-01
7.763482952636475698e-01
7.778178627584299010e-01
7.792830468632405694e-01
7.807438416745956511e-01
7.822002413029214285e-01
7.836522398726033511e-01
7.850998315220555357e-01
7.865430104037638426e-01
7.879817706843513792e-01
7.894161065446315684e-01
7.908460121796672126e-01
7.922714817988175673e-01
7.936925096258102830e-01
7.951090898987802635e-01
7.965212168703404982e-01
7.979288848076273588e-01
7.993320879923615507e-01
8.007308207209020701e-01
8.021250773043054894e-01
8.035148520683714768e-01
8.049001393537111859e-01
8.062809335157961055e-01
8.076572289250085745e-01
8.090290199667066195e-01
8.103963010412749135e-01
8.117590665641748471e-01
8.131173109660079223e-01
8.144710286925622711e-01
8.158202142048759375e-01
8.171648619792847290e-01
8.185049665074761727e-01
8.198405222965506889e-01
8.211715238690678875e-01
8.224979657631068530e-01
8.238198425323162155e-01
8.251371487459724374e-01
8.264498789890236674e-01
8.277580278621606835e-01
8.290615899818505330e-01
8.303605599804054771e-01
8.316549325060297315e-01
8.329447022228723130e-01
8.342298638110831055e-01
8.355104119668638196e-01
8.367863414025190627e-01
8.380576468465138484e-01
8.393243230435269986e-01
8.405863647544938866e-01
8.418437667566679439e-01
8.430965238436742837e-01
8.443446308255544430e-01
8.455880825288222269e-01
8.468268737965177761e-01
8.480609994882544189e-01
8.492904544802790667e-01
8.505152336655086298e-01
8.517353319535998502e-01
8.529507442709889364e-01
8.541614655609404139e-01
8.553674907836101848e-01
8.565688149160873843e-01
8.577654329524432297e-01
8.589573399037917500e-01
8.601445307983313082e-01
8.613270006813975588e-01
8.625047446155152953e-01
8.636777576804469669e-01
8.648460349732443042e-01
8.660095716082959472e-01
8.671683627173768505e-01
8.683224034497012411e-01
8.694716889719729114e-01
8.706162144684254089e-01
8.717559751408815449e-01
8.728909662087986909e-01
8.740211829093139650e-01
8.751466204973000762e-01
8.762672742454075125e-01
8.773831394441170550e-01
8.784942114017866288e-01
8.796004854446975996e-01
8.807019569171060658e-01
8.817986211812918196e-01
8.828904736175962054e-01
8.839775096244816277e-01
8.850597246185778477e-01
8.861371140347160669e-01
8.872096733259917656e-01
8.882773979638068917e-01
8.893402834379077193e-01
8.903983252564466877e-01
8.914515189460151534e-01
8.924998600516961256e-01
8.935433441371147811e-01
8.945819667844709944e-01
8.956157235946002881e-01
8.966446101870093610e-01
8.976686221999226056e-01
8.986877552903351773e-01
8.997020051340506308e-01
9.007113674257222202e-01
9.017158378789110751e-01
9.027154122261177305e-01
9.037100862188333084e-01
9.046998556275843706e-01
9.056847162419707775e-01
9.066646638707184236e-01
9.076396943417160967e-01
9.086098035020601094e-01
9.095749872181018159e-01
9.105352413754868035e-01
9.114905618791996345e-01
9.124409446536052570e-01
9.133863856424965233e-01
9.143268808091257194e-01
9.152624261362640734e-01
9.161930176262250702e-01
9.171186513009214059e-01
9.180393232019000704e-01
9.189550293903814282e-01
9.198657659473091774e-01
9.207715289733822139e-01
9.216723145891034807e-01
9.225681189348152733e-01
9.234589381707438704e-01
9.243447684770370598e-01
9.252256060538046611e-01
9.261014471211643784e-01
9.269722879192726639e-01
9.278381247083719030e-01
9.286989537688233876e-01
9.295547714011536122e-01
9.304055739260936875e-01
9.312513576846073171e-01
9.320921190379422017e-01
9.329278543676627899e-01
9.337585600756900250e-01
9.345842325843373155e-01
9.354048683363548333e-01
9.362204637949579356e-01
9.370310154438730166e-01
9.378365197873704817e-01
9.386369733503033830e-01
9.394323726781466100e-01
9.402227143370269768e-01
9.410079949137679645e-01
9.417882110159230269e-01
9.425633592718076770e-01
9.433334363305421189e-01
9.440984388620857759e-01
9.448583635572652684e-01
9.456132071278213758e-01
9.463629663064374586e-01
9.471076378467727652e-01
9.478472185235039538e-01
9.485817051323515159e-01
9.493110944901236303e-01
9.500353834347419202e-01
9.507545688252777571e-01
9.514686475419895650e-01
9.521776164863531289e-01
9.528814725810904607e-01
9.535802127702156517e-01
9.542738340190557444e-01
9.549623333142848169e-01
9.556457076639649495e-01
9.563239540975679853e-01
9.569970696660150544e-01
9.576650514417047733e-01
9.583278965185422216e-01
9.589856020119803537e-01
9.596381650590388723e-01
9.602855828183421982e-01
9.609278524701494462e-01
9.615649712163832907e-01
9.621969362806611636e-01
9.628237449083238975e-01
9.634453943664705866e-01
9.640618819439804588e-01
9.646732049515469587e-01
9.652793607217073912e-01
9.658803466088683454e-01
9.664761599893388899e-01
9.670667982613546654e-01
9.676522588451090812e-01
9.682325391827806271e-01
9.688076367385588528e-01
9.693775489986740102e-01
9.699422734714254757e-01
9.705018076872020671e-01
9.710561491985206795e-01
9.716052955800434932e-01
9.721492444286016221e-01
9.726879933632367470e-01
9.732215400252055559e-01
9.737498820780259301e-01
9.742730172074911543e-01
9.747909431216913445e-01
9.753036575510518613e-01
9.758111582483486313e-01
9.763134429887300181e-01
9.768105095697507956e-01
9.773023558113894671e-01
9.777889795560718023e-01
9.782703786686993697e-01
9.787465510366648580e-01
9.792174945698849386e-01
9.796832072008170300e-01
9.801436868844799477e-01
9.805989315984818822e-01
9.810489393430416039e-01
9.814937081410032294e-01
9.819332360378690838e-01
9.823675211018124687e-01
9.827965614237005321e-01
9.832203551171201372e-01
9.836389003183927393e-01
9.840521951865939254e-01
9.844602379035826134e-01
9.848630266740073802e-01
9.852605597253408787e-01
9.856528353078892746e-01
9.860398516948104541e-01
9.864216071821405585e-01
9.867981000888124132e-01
9.871693287566609687e-01
9.875352915504590490e-01
9.878959868579249015e-01
9.882514130897388505e-01
9.886015686795698310e-01
9.889464520840826056e-01
9.892860617829619674e-01
9.896203962789243969e-01
9.899494540977372692e-01
9.902732337882337310e-01
9.905917339223340168e-01
9.909049530950492235e-01
9.912128899245084002e-01
9.915155430519724256e-01
9.918129111418377830e-01
9.921049928816673136e-01
9.923917869821939908e-01
9.926732921773362417e-01
9.929495072242170428e-01
9.932204309031705813e-01
9.934860620177633495e-01
9.937463993948024710e-01
9.940014418843444721e-01
9.942511883597203726e-01
9.944956377175375728e-01
9.947347888776933988e-01
9.949686407833906454e-01
9.951971924011493442e-01
9.954204427208125372e-01
9.956383907555620416e-01
9.958510355419336602e-01
9.960583761398132951e-01
9.962604116324651482e-01
9.964571411265276124e-01
9.966485637520329233e-01
9.968346786624103784e-01
9.970154850344972175e-01
9.971909820685519454e-01
9.973611689882574405e-01
9.975260450407310575e-01
9.976856094965370625e-01
9.978398616496884088e-01
9.979888008176565073e-01
9.981324263413843267e-01
9.982707375852848397e-01
9.984037339372541231e-01
9.985314148086774644e-01
9.986537796344330253e-01
9.987708278728999467e-01
9.988825590059660087e-01
9.989889725390271868e-01
9.990900680010044166e-01
9.991858449443360435e-01
9.992763029449909240e-01
9.993614416024699798e-01
9.994412605398150795e-01
9.995157594036041537e-01
9.995849378639635185e-01
9.996487956145672094e-01
9.997073323726449745e-01
9.997605478789786115e-01
9.998084418979092947e-01
9.998510142173414605e-01
9.998882646487403658e-01
9.999201930271370831e-01
9.999467992111301662e-01
9.999680830828912015e-01
9.999840445481530393e-01
9.999946835362306663e-01
1.000000000000000000e+00
9.999999939159194273e-01
9.999946652840144834e-01
9.999840141278842909e-01
9.999680404947026702e-01
9.999467444552132545e-01
9.999201261037305999e-01
9.998881855581428502e-01
9.998509229599041870e-01
9.998083384740342749e-01
9.997604322891242568e-01
9.997072046173244297e-01
9.996486556943445789e-01
9.995847857794594171e-01
9.995155951554912654e-01
9.994410841288210445e-01
9.993612530293786156e-01
9.992761022106333435e-01
9.991856320496007582e-01
9.990898429468372255e-01
9.989887353264227388e-01
9.988823096359724651e-01
9.987705663466239780e-01
9.986535059530310399e-01
9.985311289733611595e-01
9.984034359492899302e-01
9.982704274459901495e-01
9.981321040521327070e-01
9.979884663798739286e-01
9.978395150648531331e-01
9.976852507661861935e-01
9.975256741664487725e-01
9.973607859716854263e-01
9.971905869113855125e-01
9.970150777384827467e-01
9.968342592293493176e-01
9.966481321837824536e-01
9.964566974249964293e-01
9.962599557996152377e-01
9.960579081776592680e-01
9.958505554525434178e-01
9.956378985410625493e-01
9.954199383833751691e-01
9.951966759430043163e-01
9.949681122068231298e-01
9.947342481850380835e-01
9.944950849111831026e-01
9.942506234421114586e-01
9.940008648579755635e-01
9.937458102622216405e-01
9.934854607815760685e-01
9.932198175660308381e-01
9.929488817888326713e-01
9.926726546464709200e-01
9.923911373586614681e-01
9.921043311683371835e-01
9.918122373416284887e-01
9.915148571678582545e-01
9.912121919595201502e-01
9.909042430522621014e-01
9.905910118048820712e-01
9.902724995993046342e-01
9.899487078405658780e-01
9.896196379568056312e-01
9.892852913992379316e-01
9.889456696421502491e-01
9.886007741828799489e-01
9.882506065417916430e-01
9.878951682622746366e-01
9.875344609107157279e-01
9.871684860764821101e-01
9.867972453719102699e-01
9.864207404322824502e-01
9.860389729158082206e-01
9.856519445036148186e-01
9.852596568997186166e-01
9.848621118310085798e-01
9.844593110472337205e-01
9.840512563209748986e-01
9.836379494476320540e-01
9.832193922454024460e-01
9.827955865552591153e-01
9.823665342409341195e-01
9.819322371888928869e-01
9.814926973083193396e-01
9.810479165310925787e-01
9.805978968117639027e-01
9.801426401275366018e-01
9.796821484782463063e-01
9.792164238863375614e-01
9.787454683968399571e-01
9.782692840773510312e-01
9.777878730180037392e-01
9.773012373314565737e-01
9.768093791528617009e-01
9.763123006398402026e-01
9.758100039724676433e-01
9.753024913532438722e-01
9.747897650070653786e-01
9.742718271812096376e-01
9.737486801453075769e-01
9.732203261913124903e-01
9.726867676334847168e-01
9.721480068083599990e-01
9.716040460747261687e-01
9.710548878136018303e-01
9.705005344281965041e-01
9.699409883439029656e-01
9.693762520082591649e-01
9.688063278909199161e-01
9.682312184836390223e-01
9.676509263002402994e-01
9.670654538765774966e-01
9.664748037705279682e-01
9.658789785619471546e-01
9.652779808526465999e-01
9.646718132663733014e-01
9.640604784487641910e-01
9.634439790673366977e-01
9.628223178114460046e-01
9.621954973922601795e-01
9.615635205427324195e-01
9.609263900175727402e-01
9.602841085932098952e-01
9.596366790677736125e-01
9.589841042610545152e-01
9.583263870144751451e-01
9.576635301910658704e-01
9.569955366754235859e-01
9.563224093736927278e-01
9.556441512135246397e-01
9.549607651440441547e-01
9.542722541358303889e-01
9.535786211808724433e-01
9.528798692925408709e-01
9.521760015055584780e-01
9.514670208759632430e-01
9.507529304810781179e-01
9.500337334194759453e-01
9.493094328109489277e-01
9.485800317964733219e-01
9.478455335381744673e-01
9.471059412192940341e-01
9.463612580441577160e-01
9.456114872381409242e-01
9.448566320476279312e-01
9.440966957399852255e-01
9.433316816035216545e-01
9.425615929474527865e-01
9.417864331018716006e-01
9.410062054177077417e-01
9.402209132666862201e-01
9.394305600413064283e-01
9.386351491547915149e-01
9.378346840410586305e-01
9.370291681546849549e-01
9.362186049708608460e-01
9.354029979853630827e-01
9.345823507145151199e-01
9.337566666951438998e-01
9.329259494845499878e-01
9.320902026604650503e-01
9.312494298210149957e-01
9.304036345846814493e-01
9.295528205902652275e-01
9.286969914968435935e-01
9.278361509837377286e-01
9.269703027504658799e-01
9.260994505167099433e-01
9.252235980222761613e-01
9.243427490270514912e-01
9.234569073109666348e-01
9.225660766739566254e-01
9.216702609359184173e-01
9.207694639366714728e-01
9.198636895359206811e-01
9.189529416132055095e-01
9.180372240678742468e-01
9.171165408190289359e-01
9.161908958054914009e-01
9.152602929857632796e-01
9.143247363379738424e-01
9.133842298598532361e-01
9.124387775686810809e-01
9.114883835012423940e-01
9.105330517137923962e-01
9.095727862820112142e-01
9.086075913009562521e-01
9.076374708850264428e-01
9.066624291679167280e-01
9.056824703025727619e-01
9.046975984611503874e-01
9.037078178349658986e-01
9.027131326344652873e-01
9.017135470891642912e-01
9.007090654476164193e-01
8.996996919773618817e-01
8.986854309648881767e-01
8.976662867155789094e-01
8.966422635536741570e-01
8.956133658222283911e-01
8.945795978830531903e-01
8.935409641166861539e-01
8.924974689223379443e-01
8.914491167178457687e-01
8.903959119396315236e-01
8.893378590426518349e-01
8.882749625003575344e-01
8.872072268046421462e-01
8.861346564657937019e-01
8.850572560124588817e-01
8.839750299915843934e-01
8.828879829683746738e-01
8.817961195262459251e-01
8.806994442667792633e-01
8.795979618096677610e-01
8.784916767926785885e-01
8.773805938715957264e-01
8.762647177201771109e-01
8.751440530301081155e-01
8.740186045109463731e-01
8.728883768900834728e-01
8.717533749126888942e-01
8.706136033416626008e-01
8.694690669575891873e-01
8.683197705586882531e-01
8.671657189607603344e-01
8.660069169971478242e-01
8.648433695186760195e-01
8.636750813936058258e-01
8.625020575075904583e-01
8.613243027636180438e-01
8.601418220819655458e-01
8.589546204001476948e-01
8.577627026728661397e-01
8.565660738719630407e-01
8.553647389863654471e-01
8.541587030220376686e-01
8.529479710019292060e-01
8.517325479659284548e-01
8.505124389708030863e-01
8.492876490901550834e-01
8.480581834143735565e-01
8.468240470505712381e-01
8.455852451225442934e-01
8.443417827707153656e-01
8.430936651520825054e-01
8.418408974401702105e-01
8.405834848249726932e-01
8.393214325129044751e-01
8.380547457267504274e-01
8.367834297056070403e-01
8.355074897048375693e-01
8.342269309960140822e-01
8.329417588668663885e-01
8.316519786212324128e-01
8.303575955789955776e-01
8.290586150760437256e-01
8.277550424642121651e-01
8.264468831112232738e-01
8.251341424006430891e-01
8.238168257318229104e-01
8.224949385198453422e-01
8.211684861954707815e-01
8.198374742050892339e-01
8.185019080106532563e-01
8.171617930896402093e-01
8.158171349349868651e-01
8.144679390550374487e-01
8.131142109734933454e-01
8.117559562293509279e-01
8.103931803768564812e-01
8.090258889854455848e-01
8.076540876396861579e-01
8.062777819392317191e-01
8.048969774987615455e-01
8.035116799479199434e-01
8.021218949312736157e-01
8.007276281082473801e-01
7.993288851530706562e-01
7.979256717547241751e-01
7.965179936168805819e-01
7.951058564578540322e-01
7.936892660105396846e-01
7.922682280223604101e-01
7.908427482552093934e-01
7.894128324853999512e-01
7.879784865035956987e-01
7.865397161147721361e-01
7.850965271381501465e-01
7.836489254071350441e-01
7.821969167692726099e-01
7.807405070861860308e-01
7.792797022335176127e-01
7.778145081008744910e-01
7.763449305917710097e-01
7.748709756235750978e-01
7.733926491274507597e-01
7.719099570482903516e-01
7.704229053446767228e-01
7.689314999888110513e-01
7.674357469664584430e-01
7.659356522768980824e-01
7.644312219328592839e-01
7.629224619604626501e-01
7.614093783991656705e-01
7.598919773017109858e-01
7.583702647340528902e-01
7.568442467753199177e-01
7.553139295177386803e-01
7.537793190665901255e-01
7.522404215401418126e-01
7.506972430695958431e-01
7.491497897990289090e-01
7.475980678853356709e-01
7.460420834981653648e-01
7.444818428198718419e-01
7.429173520454511737e-01
7.413486173824788139e-01
7.397756450510624138e-01
7.381984412837745424e-01
7.366170123255922908e-01
7.350313644338499763e-01
7.334415038781681995e-01
7.318474369404058821e-01
7.302491699145944315e-01
7.286467091068788982e-01
7.270400608354654626e-01
7.254292314305578193e-01
7.238142272342981132e-01
7.221950546007098737e-01
7.205717198956406166e-01
7.189442294966961189e-01
7.173125897931915684e-01
7.156768071860829528e-01
7.140368880879153224e-01
7.123928389227602853e-01
7.107446661261515031e-01
7.090923761450395046e-01
7.074359754377187448e-01
7.057754704737735363e-01
7.041108677340198740e-01
7.024421737104488139e-01
7.007693949061541971e-01
6.990925378352939035e-01
6.974116090230071396e-01
6.957266150053760256e-01
6.940375623293542073e-01
6.923444575527052391e-01
6.906473072439534011e-01
6.889461179823193060e-01
6.872408963576515095e-01
6.855316489703836558e-01
6.838183824314635340e-01
6.821011033622906838e-01
6.803798183946696554e-01
6.786545341707369561e-01
6.769252573429102027e-01
6.751919945738229512e-01
6.734547525362672982e-01
6.717135379131360384e-01
6.699683573973571615e-01
6.682192176918415605e-01
6.664661255094144199e-01
6.647090875727660331e-01
6.629481106143797486e-01
6.611832013764815663e-01
6.594143666109794077e-01
6.576416130793962811e-01
6.558649475528184336e-01
6.540843768118297374e-01
6.522999076464544022e-01
6.505115468560983549e-01
6.487193012494856248e-01
6.469231776446028315e-01
6.451231828686332381e-01
6.433193237579033497e-01
6.415116071578185197e-01
6.397000399228069956e-01
6.378846289162537486e-01
6.360653810104467398e-01
6.342423030865140809e-01
6.324154020343646376e-01
6.305846847526273002e-01
6.287501581485904767e-01
6.269118291381475805e-01
6.250697046457304173e-01
6.232237916042508985e-01
6.213740969550424209e-01
6.195206276478018026e-01
6.176633906405233354e-01
6.158023928994470486e-01
6.139376413989918735e-01
6.120691431216985778e-01
6.101969050581708132e-01
6.083209342070139414e-01
6.064412375747738615e-01
6.045578221758829418e-01
6.026706950325916301e-01
6.007798631749170504e-01
5.988853336405768335e-01
5.969871134749314967e-01
5.950852097309295985e-01
5.931796294690402371e-01
5.912703797571952080e-01
5.893574676707359350e-01
5.874409002923453027e-01
5.855206847119930336e-01
5.835968280268731823e-01
5.816693373413502899e-01
5.797382197668906612e-01
5.778034824220112942e-01
5.758651324322143772e-01
5.739231769299331098e-01
5.719776230544697526e-01
5.700284779519335654e-01
5.680757487751867396e-01
5.661194426837823368e-01
5.641595668439025602e-01
5.621961284283053528e-01
5.602291346162607821e-01
5.582585925934904214e-01
5.562845095521171679e-01
5.543068926905901916e-01
5.523257492136448565e-01
5.503410863322298896e-01
5.483529112634506486e-01
5.463612312305160534e-01
5.443660534626770797e-01
5.423673851951593683e-01
5.403652336691204816e-01
5.383596061315779613e-01
5.363505098353524847e-01
5.343379520390195703e-01
5.323219400068331941e-01
5.303024810086833796e-01
5.282795823200323593e-01
5.262532512218499603e-01
5.242234950005629779e-01
5.221903209479960006e-01
5.201537363613044640e-01
5.181137485429289091e-01
5.160703648005298128e-01
5.140235924469279682e-01
5.119734388000499736e-01
5.099199111828693898e-01
5.078630169233456781e-01
5.058027633543713542e-01
5.037391578137101478e-01
5.016722076439376066e-01
4.996019201923918018e-01
4.975283028111039951e-01
4.954513628567480676e-01
4.933711076905848980e-01
4.912875446783957489e-01
4.892006811904323627e-01
4.871105246013611723e-01
4.850170822901951895e-01
4.829203616402484300e-01
4.808203700390730750e-01
4.787171148783995744e-01
4.766106035540883523e-01
4.745008434660629715e-01
4.723878420182581750e-01
4.702716066185636534e-01
4.681521446787624829e-01
4.660294636144792779e-01
4.639035708451247908e-01
4.617744737938298538e-01
4.596421798873981390e-01
4.575066965562459287e-01
4.553680312343474923e-01
4.532261913591748015e-01
4.510811843716429625e-01
4.489330177160602009e-01
4.467816988400601930e-01
4.446272351945537160e-01
4.424696342336724153e-01
4.403089034147112391e-01
4.381450501980685419e-01
4.359780820471975682e-01
4.338080064285491089e-01
4.316348308115112720e-01
4.294585626683559698e-01
4.272792094741879043e-01
4.250967787068833936e-01
4.229112778470363598e-01
4.207227143779064815e-01
4.185310957853587976e-01
4.163364295578142471e-01
4.141387231861880514e-01
4.119379841638414752e-01
4.097342199865230405e-01
4.075274381523122380e-01
4.053176461615737858e-01
4.031048515168896840e-01
4.008890617230148057e-01
3.986702842868205532e-01
3.964485267172361826e-01
3.942237965252004539e-01
3.919961012236038433e-01
3.897654483272339210e-01
3.875318453527242801e-01
3.852952998185019684e-01
3.830558192447264809e-01
3.808134111532411326e-01
3.785680830675232089e-01
3.763198425126216273e-01
3.740686970151093083e-01
3.718146541030313834e-01
3.695577213058433563e-01
3.672979061543719115e-01
3.650352161807471352e-01
3.627696589183578291e-01
3.605012419018004399e-01
3.582299726668190520e-01
3.559558587502582028e-01
3.536789076900104800e-01
3.513991270249579024e-01
3.491165242949295644e-01
3.468311070406432384e-01
3.445428828036476987e-01
3.422518591262844190e-01
3.399580435516252330e-01
3.376614436234208760e-01
3.353620668860568532e-01
3.330599208844941539e-01
3.307550131642186253e-01
3.284473512711921783e-01
3.261369427518018282e-01
3.238237951528061265e-01
3.215079160212866438e-01
3.191893129045903499e-01
3.168679933502889789e-01
3.145439649061215204e-01
3.122172351199430929e-01
3.098878115396764832e-01
3.075557017132649062e-01
3.052209131886132742e-01
3.028834535135460637e-01
3.005433302357511938e-01
2.982005509027352841e-01
2.958551230617700312e-01
2.935070542598399168e-01
2.911563520436026287e-01
2.888030239593291082e-01
2.864470775528548674e-01
2.840885203695380223e-01
2.817273599542043372e-01
2.793636038510974862e-01
2.769972596038330348e-01
2.746283347553486465e-01
2.722568368478531231e-01
2.698827734227816078e-01
2.675061520207406840e-01
2.651269801814677418e-01
2.627452654437795188e-01
2.603610153455189202e-01
2.579742374235138302e-01
2.555849392135262077e-01
2.531931282502036251e-01
2.507988120670344157e-01
2.484019981962928836e-01
2.460026941690023339e-01
2.436009075148774794e-01
2.411966457622863047e-01
2.387899164381937778e-01
2.363807270681198003e-01
2.339690851760944379e-01
2.315549982846056842e-01
2.291384739145572724e-01
2.267195195852175771e-01
2.242981428141775646e-01
2.218743511173035532e-01
2.194481520086886683e-01
2.170195530006067963e-01
2.145885616034719778e-01
2.121551853257832576e-01
2.097194316740878250e-01
2.072813081529311652e-01
2.048408222648097909e-01
2.023979815101330237e-01
1.999527933871680929e-01
1.975052653920017498e-01
1.950554050184944155e-01
1.926032197582328576e-01
1.901487171004856147e-01
1.876919045321645552e-01
1.852327895377688938e-01
1.827713795993517742e-01
1.803076821964707255e-01
1.778417048061440298e-01
1.753734549028074796e-01
1.729029399582696358e-01
1.704301674416684176e-01
1.679551448194303021e-01
1.654778795552191706e-01
1.629983791099018919e-01
1.605166509415024145e-01
1.580327025051531664e-01
1.555465412530593616e-01
1.530581746344517602e-01
1.505676100955470609e-01
1.480748550795032981e-01
1.455799170263750997e-01
1.430828033730766058e-01
1.405835215533382532e-01
1.380820789976580643e-01
1.355784831332698392e-01
1.330727413840946394e-01
1.305648611706986262e-01
1.280548499102560356e-01
1.255427150165045747e-01
1.230284638997070218e-01
1.205121039666040422e-01
1.179936426203810063e-01
1.154730872606220260e-01
1.129504452832690992e-01
1.104257240805850415e-01
1.078989310411088975e-01
1.053700735496201357e-01
1.028391589870914363e-01
1.003061947306580215e-01
9.777118815357173365e-02
9.523414662515763962e-02
9.269507751078331914e-02
9.015398817181558000e-02
8.761088596557567443e-02
8.506577824531122434e-02
8.251867236014269469e-02
7.996957565503901022e-02
7.741849547077042648e-02
7.486543914386763199e-02
7.231041400658982932e-02
6.975342738688516953e-02
6.719448660834607956e-02
6.463359899017860621e-02
6.207077184715904111e-02
5.950601248959942746e-02
5.693932822331054106e-02
5.437072634955593398e-02
5.180021416502769704e-02
4.922779896179919901e-02
4.665348802728808142e-02
4.407728864422690712e-02
4.149920809061716925e-02
3.891925363969741397e-02
3.633743255990619370e-02
3.375375211484377136e-02
3.116821956323640938e-02
2.858084215890311849e-02
2.599162715071230700e-02
2.340058178255111435e-02
2.080771329329350952e-02
1.821302891675560115e-02
1.561653588166117372e-02
1.301824141161615593e-02
1.041815272506010914e-02
7.816277035240697460e-03
5.212621550174111745e-03
2.607193472610598497e-03
0.000000000000000000e+00
